25
0.0 6.0 43.0 8.0 33.0 17.0 25.0 16.0 29.0 41.0 0.0 17.0 0.0 10.0 3.0 20.0 9.0 34.0 21.0 9.0 0.0 10.0 14.0 0.0 23.0 
6.0 0.0 47.0 11.0 17.0 22.0 47.0 9.0 44.0 21.0 8.0 21.0 43.0 23.0 41.0 33.0 46.0 33.0 14.0 19.0 13.0 9.0 16.0 46.0 0.0 
43.0 47.0 0.0 34.0 1.0 22.0 14.0 49.0 4.0 4.0 10.0 9.0 24.0 42.0 46.0 5.0 17.0 9.0 25.0 1.0 42.0 18.0 16.0 32.0 12.0 
8.0 11.0 34.0 0.0 48.0 0.0 43.0 2.0 9.0 12.0 35.0 28.0 37.0 28.0 31.0 3.0 48.0 17.0 8.0 34.0 42.0 22.0 28.0 27.0 42.0 
33.0 17.0 1.0 48.0 0.0 42.0 41.0 31.0 5.0 31.0 25.0 23.0 48.0 49.0 28.0 4.0 48.0 45.0 6.0 12.0 13.0 17.0 43.0 21.0 15.0 
17.0 22.0 22.0 0.0 42.0 0.0 10.0 2.0 27.0 46.0 2.0 13.0 42.0 31.0 2.0 22.0 16.0 27.0 30.0 26.0 38.0 3.0 5.0 42.0 17.0 
25.0 47.0 14.0 43.0 41.0 10.0 0.0 15.0 7.0 33.0 9.0 38.0 46.0 24.0 18.0 27.0 30.0 45.0 45.0 14.0 21.0 13.0 40.0 42.0 39.0 
16.0 9.0 49.0 2.0 31.0 2.0 15.0 0.0 32.0 48.0 2.0 3.0 5.0 36.0 7.0 10.0 48.0 38.0 14.0 15.0 33.0 30.0 14.0 23.0 13.0 
29.0 44.0 4.0 9.0 5.0 27.0 7.0 32.0 0.0 35.0 49.0 26.0 25.0 13.0 29.0 48.0 44.0 22.0 46.0 0.0 6.0 10.0 20.0 37.0 5.0 
41.0 21.0 4.0 12.0 31.0 46.0 33.0 48.0 35.0 0.0 13.0 19.0 36.0 25.0 42.0 36.0 4.0 44.0 13.0 25.0 46.0 39.0 20.0 48.0 28.0 
0.0 8.0 10.0 35.0 25.0 2.0 9.0 2.0 49.0 13.0 0.0 14.0 33.0 31.0 43.0 6.0 37.0 10.0 2.0 40.0 29.0 33.0 36.0 43.0 5.0 
17.0 21.0 9.0 28.0 23.0 13.0 38.0 3.0 26.0 19.0 14.0 0.0 20.0 39.0 8.0 40.0 17.0 33.0 6.0 18.0 29.0 28.0 14.0 21.0 39.0 
0.0 43.0 24.0 37.0 48.0 42.0 46.0 5.0 25.0 36.0 33.0 20.0 0.0 10.0 23.0 23.0 4.0 34.0 15.0 34.0 39.0 21.0 46.0 13.0 46.0 
10.0 23.0 42.0 28.0 49.0 31.0 24.0 36.0 13.0 25.0 31.0 39.0 10.0 0.0 36.0 19.0 35.0 49.0 26.0 4.0 29.0 15.0 36.0 33.0 41.0 
3.0 41.0 46.0 31.0 28.0 2.0 18.0 7.0 29.0 42.0 43.0 8.0 23.0 36.0 0.0 30.0 29.0 49.0 29.0 22.0 38.0 47.0 22.0 47.0 1.0 
20.0 33.0 5.0 3.0 4.0 22.0 27.0 10.0 48.0 36.0 6.0 40.0 23.0 19.0 30.0 0.0 20.0 41.0 46.0 4.0 35.0 3.0 23.0 27.0 7.0 
9.0 46.0 17.0 48.0 48.0 16.0 30.0 48.0 44.0 4.0 37.0 17.0 4.0 35.0 29.0 20.0 0.0 42.0 37.0 32.0 36.0 3.0 36.0 27.0 13.0 
34.0 33.0 9.0 17.0 45.0 27.0 45.0 38.0 22.0 44.0 10.0 33.0 34.0 49.0 49.0 41.0 42.0 0.0 30.0 46.0 35.0 30.0 29.0 39.0 33.0 
21.0 14.0 25.0 8.0 6.0 30.0 45.0 14.0 46.0 13.0 2.0 6.0 15.0 26.0 29.0 46.0 37.0 30.0 0.0 49.0 27.0 15.0 39.0 10.0 10.0 
9.0 19.0 1.0 34.0 12.0 26.0 14.0 15.0 0.0 25.0 40.0 18.0 34.0 4.0 22.0 4.0 32.0 46.0 49.0 0.0 15.0 24.0 49.0 25.0 2.0 
0.0 13.0 42.0 42.0 13.0 38.0 21.0 33.0 6.0 46.0 29.0 29.0 39.0 29.0 38.0 35.0 36.0 35.0 27.0 15.0 0.0 0.0 26.0 1.0 19.0 
10.0 9.0 18.0 22.0 17.0 3.0 13.0 30.0 10.0 39.0 33.0 28.0 21.0 15.0 47.0 3.0 3.0 30.0 15.0 24.0 0.0 0.0 4.0 36.0 9.0 
14.0 16.0 16.0 28.0 43.0 5.0 40.0 14.0 20.0 20.0 36.0 14.0 46.0 36.0 22.0 23.0 36.0 29.0 39.0 49.0 26.0 4.0 0.0 18.0 7.0 
0.0 46.0 32.0 27.0 21.0 42.0 42.0 23.0 37.0 48.0 43.0 21.0 13.0 33.0 47.0 27.0 27.0 39.0 10.0 25.0 1.0 36.0 18.0 0.0 48.0 
23.0 0.0 12.0 42.0 15.0 17.0 39.0 13.0 5.0 28.0 5.0 39.0 46.0 41.0 1.0 7.0 13.0 33.0 10.0 2.0 19.0 9.0 7.0 48.0 0.0 
